   -0.71581236
    0.35372029
    0.35387167
   -0.71768241
    0.36526313
    0.35520661
   -0.70999868
    0.35194158
    0.35696559
   -0.71124977
    0.35667498
    0.34597326
   -0.71847577
    0.34741296
    0.35894401
   -0.70706547
    0.35302572
    0.35616724
   -0.72076310
    0.35995000
    0.36314033
   -0.71209280
    0.36165910
    0.35207124
   -0.71104012
    0.35334578
    0.35376658
   -0.70639285
    0.35178748
    0.35645175
   -0.70483752
    0.35716601
    0.35140822
   -0.70536151
    0.35787049
    0.35395251
   -0.71134653
    0.35403777
    0.35773043
   -0.70927134
    0.36045644
    0.35546530
   -0.71547766
    0.35801757
    0.35019363
   -0.71106038
    0.35457453
    0.35824998
   -0.71435540
    0.35079489
    0.35962156
   -0.70722826
    0.35337195
    0.35589277
   -0.71482148
    0.35115939
    0.35977197
   -0.71199189
    0.34923806
    0.35498649
   -0.71684676
    0.35731206
    0.35154755
   -0.71893453
    0.35503405
    0.35527479
   -0.71874546
    0.35205972
    0.35554198
   -0.71916719
    0.34828147
    0.35929708
   -0.70607280
    0.34898673
    0.36016122
   -0.70092877
    0.36714446
    0.35202974
   -0.70454896
    0.34784704
    0.35882036
   -0.71169438
    0.35408151
    0.35824674
   -0.70446579
    0.34700718
    0.35284419
   -0.71739540
    0.35073340
    0.35439481
   -0.71675278
    0.36256903
    0.35256698
   -0.71137305
    0.35807581
    0.35199613
   -0.70181861
    0.35984604
    0.35746998
   -0.71103054
    0.35242934
    0.35449729
   -0.71948051
    0.36177860
    0.35920143
   -0.70529963
    0.35369329
    0.36061923
   -0.71409316
    0.35277187
    0.35989431
   -0.69906394
    0.34411733
    0.34621608
   -0.69892355
    0.35195133
    0.35343629
   -0.69936524
    0.34656181
    0.35962099
   -0.70393906
    0.35996725
    0.34955101
   -0.71798664
    0.35923258
    0.36193535
   -0.71338698
    0.35778770
    0.35589220
   -0.71548837
    0.35415133
    0.36322929
   -0.71188649
    0.35879037
    0.36309662
   -0.69501197
    0.35798156
    0.34851960
   -0.70982761
    0.35608839
    0.35508964
   -0.70462962
    0.35252836
    0.34993255
   -0.69872190
    0.35360789
    0.35092450
   -0.70852956
    0.36057787
    0.35667270
   -0.71354260
    0.36007751
    0.35099377
   -0.69844036
    0.35159407
    0.35991851
   -0.71159767
    0.35628463
    0.35501099
   -0.70387140
    0.34826169
    0.35519945
   -0.71848830
    0.35784643
    0.35383795
   -0.70976013
    0.36259937
    0.35451339
   -0.70840699
    0.36198102
    0.35494336
   -0.69973113
    0.35535291
    0.34831934
   -0.70977595
    0.35410930
    0.35067524
   -0.70721905
    0.36040726
    0.35530455
   -0.71547207
    0.35662788
    0.35028823
   -0.71338160
    0.36935023
    0.35770989
   -0.69558833
    0.35339361
    0.35207887
   -0.71946349
    0.35549562
    0.35160202
   -0.71364813
    0.35924970
    0.35673990
   -0.70893768
    0.36142864
    0.35375971
   -0.72514303
    0.36167325
    0.35442930
   -0.70202635
    0.36120101
    0.35466570
   -0.71900969
    0.35859459
    0.35619540
   -0.70679792
    0.35663068
    0.34476340
   -0.70682746
    0.35317773
    0.35715648
   -0.70969146
    0.35320928
    0.36524036
   -0.70207066
    0.36234403
    0.34156892
   -0.70861408
    0.35694861
    0.35783796
   -0.72948732
    0.36039357
    0.35496035
   -0.70529402
    0.35598445
    0.35819237
   -0.71203669
    0.36250453
    0.35388308
   -0.70064033
    0.34614271
    0.35818209
   -0.71221092
    0.36091424
    0.35557825
   -0.70757031
    0.35707506
    0.35701708
   -0.70308336
    0.35286018
    0.34882503
   -0.70919890
    0.35929525
    0.35894977
   -0.71254578
    0.35195421
    0.35645406
   -0.71635023
    0.35444289
    0.35144178
   -0.69897960
    0.34506394
    0.35269867
   -0.70279129
    0.35551720
    0.35500392
   -0.71628842
    0.35501856
    0.35818376
   -0.70377966
    0.34652619
    0.36805592
   -0.69959695
    0.34105734
    0.34695916
   -0.71629379
    0.35687030
    0.36308857
   -0.69418378
    0.34624344
    0.34076259
   -0.70236100
    0.36080834
    0.34705285
   -0.70035286
    0.34415498
    0.35317992
   -0.72420730
    0.35556257
    0.35967214
   -0.70922037
    0.35485121
    0.35546791
   -0.71398375
    0.35148626
    0.36469428
   -0.71592770
    0.36233376
    0.35809024
   -0.70426422
    0.34513979
    0.35588298
   -0.71660722
    0.34710557
    0.36193362
   -0.70673751
    0.35057136
    0.35573933
   -0.70688751
    0.35393697
    0.35689797
   -0.68921406
    0.34956742
    0.34892172
   -0.70594064
    0.36086696
    0.35031564
   -0.69842121
    0.34493858
    0.35818677
   -0.70534222
    0.35499842
    0.34813704
   -0.71594666
    0.35692892
    0.35971869
   -0.71589550
    0.36043818
    0.35333479
   -0.72001614
    0.35577522
    0.35933614
   -0.70338891
    0.35429256
    0.35503797
   -0.71073228
    0.36539423
    0.35291255
   -0.71424080
    0.35452808
    0.35540081
   -0.69982980
    0.35122000
    0.35623168
   -0.70716879
    0.35717366
    0.34713617
   -0.72282165
    0.35730156
    0.35904001
   -0.71155370
    0.34963669
    0.36154732
   -0.69987450
    0.35217126
    0.35491618
   -0.70321653
    0.35299467
    0.35959212
   -0.69502227
    0.33904527
    0.34860140
   -0.71047912
    0.35141707
    0.35520805
   -0.70852175
    0.35634054
    0.34893424
   -0.70032390
    0.35796502
    0.34689982
   -0.69716576
    0.35640923
    0.35442529
   -0.71601799
    0.35633620
    0.36709844
   -0.69078024
    0.35594904
    0.34273290
   -0.72198716
    0.35672705
    0.34985186
   -0.69771061
    0.34833996
    0.34784746
   -0.70148833
    0.34106029
    0.34186841
   -0.70105678
    0.35086871
    0.35279623
   -0.70478146
    0.35238798
    0.34974606
   -0.70572077
    0.34765810
    0.34567464
   -0.71096454
    0.35390404
    0.35123659
   -0.70655956
    0.34582196
    0.34888217
   -0.70764783
    0.35737129
    0.34849563
   -0.71499640
    0.35696689
    0.36108582
   -0.72141278
    0.35849491
    0.35564977
   -0.70021429
    0.35525044
    0.35028978
   -0.69636638
    0.35574402
    0.35848643
   -0.70872124
    0.35477084
    0.34406726
   -0.70073748
    0.35968667
    0.34737779
   -0.70513344
    0.34445642
    0.34595420
   -0.72139708
    0.34818637
    0.36538462
   -0.71731019
    0.35716369
    0.36477602
   -0.71747936
    0.35011228
    0.35402302
   -0.71261674
    0.36045739
    0.35529623
   -0.70640793
    0.34790971
    0.34016278
   -0.70474159
    0.35826033
    0.35425548
   -0.71929635
    0.35214160
    0.36023817
   -0.70287422
    0.34689125
    0.34856928
   -0.70181468
    0.35039953
    0.35442316
   -0.69727098
    0.35890013
    0.35156357
   -0.70224132
    0.35943890
    0.34263906
   -0.70328475
    0.34685512
    0.35017354
   -0.70753530
    0.34742822
    0.34978694
   -0.71319327
    0.36598972
    0.35777690
   -0.69492689
    0.34255590
    0.34732572
   -0.69435715
    0.35000693
    0.34260522
   -0.70247961
    0.34571417
    0.34459950
   -0.70087470
    0.35064929
    0.35076125
   -0.69735527
    0.34616976
    0.35370012
   -0.70688411
    0.35557203
    0.35566859
   -0.72091222
    0.35400846
    0.35226707
   -0.70854838
    0.35324809
    0.34763204
   -0.69752042
    0.35201964
    0.35081046
   -0.71685059
    0.34904438
    0.36496029
   -0.70502334
    0.34464448
    0.36664852
   -0.70617975
    0.35984114
    0.34633228
   -0.70596752
    0.34438216
    0.35362996
   -0.70430783
    0.34919828
    0.35151733
   -0.71933685
    0.35093490
    0.36882868
   -0.70422201
    0.34228531
    0.34499568
   -0.70488469
    0.34223252
    0.34756234
   -0.72724922
    0.36599517
    0.34533821
   -0.70575054
    0.34589127
    0.34675039
   -0.71039742
    0.34512942
    0.36076007
   -0.71411781
    0.35425510
    0.35974210
   -0.71289087
    0.34902235
    0.35865641
   -0.71177880
    0.35113732
    0.35791779
   -0.70142637
    0.35194483
    0.35577475
   -0.69015102
    0.34972805
    0.34528271
   -0.70802563
    0.35120829
    0.35092089
   -0.70879140
    0.36093306
    0.35906473
   -0.70411970
    0.33953613
    0.35709221
   -0.70495120
    0.35866489
    0.35676461
   -0.69390881
    0.34855153
    0.36754518
   -0.69319191
    0.34692429
    0.35157050
   -0.69547631
    0.34098892
    0.35735761
   -0.68924015
    0.33777001
    0.34905786
   -0.69793637
    0.35599009
    0.35996387
   -0.72468834
    0.35896917
    0.35778587
   -0.68522863
    0.34681105
    0.34538856
   -0.69986574
    0.36145181
    0.35152463
   -0.69923379
    0.34357991
    0.35989450
   -0.71892507
    0.35949121
    0.36686144
   -0.69823859
    0.35329842
    0.36014171
   -0.70323643
    0.36241122
    0.34756846
   -0.70080329
    0.35071296
    0.34029820
   -0.72324328
    0.35638189
    0.35971948
   -0.69175038
    0.34222072
    0.34330336
   -0.71052749
    0.34679186
    0.35902573
   -0.70525058
    0.35134109
    0.35802145
