           1           2  0.837056011668110     
           1           3  0.818729844336242     
           4           5  0.812377147549468     
           4           6  0.840786769849913     
           7           8  0.833415439531048     
           7           9  0.823565461285972     
          10          11  0.816777472976454     
          10          12  0.846116227989106     
          13          14  0.841817798249874     
          13          15  0.808350858146596     
          16          17  0.838832587876393     
          16          18  0.826895233262364     
          19          20  0.803664033809396     
          19          21  0.827771482004232     
          22          23  0.826700012922627     
          22          24  0.828868056715852     
          25          26  0.834081598142507     
          25          27  0.825817777660554     
          28          29  0.825771267210187     
          28          30  0.839205988672792     
          31          32  0.838650306472066     
          31          33  0.837719337911456     
          34          35  0.839059064508014     
          34          36  0.832510864886674     
          37          38  0.827402513120100     
          37          39  0.822870463380740     
          40          41  0.819097532886979     
          40          42  0.833890229340851     
          43          44  0.811272506637415     
          43          45  0.839739725649796     
          46          47  0.838612966869921     
          46          48  0.816472687226386     
          49          50  0.828994274955947     
          49          51  0.838141192189693     
          52          53  0.839983283145819     
          52          54  0.831878168425390     
          55          56  0.836114324920150     
          55          57  0.827856779258228     
          58          59  0.838837302680328     
          58          60  0.828277980782571     
          61          62  0.826505247344799     
          61          63  0.830708558685694     
          64          65  0.825095297626849     
          64          66  0.828628826808493     
          67          68  0.822358879272063     
          67          69  0.825243991071388     
          70          71  0.837230336010864     
          70          72  0.813557420225377     
          73          74  0.856046288243132     
          73          75  0.829322263764226     
          76          77  0.812696345769555     
          76          78  0.851874259418827     
          79          80  0.856296739387814     
          79          81  0.822293340736766     
          82          83  0.840099785967290     
          82          84  0.809606864651166     
          85          86  0.836005450143391     
          85          87  0.838663991900142     
          88          89  0.827023285274246     
          88          90  0.828622475974733     
          91          92  0.799477383140618     
          91          93  0.846320559465779     
          94          95  0.819226063120493     
          94          96  0.832278068953364     
          97          98  0.830457488920732     
          97          99  0.856092743459365     
         100         101  0.841181217421384     
         100         102  0.829690708682139     
         103         104  0.799962296783081     
         103         105  0.835089472178715     
         106         107  0.848441082578712     
         106         108  0.834125840631426     
         109         110  0.829761985783887     
         109         111  0.824354093150054     
         112         113  0.857353377198706     
         112         114  0.832795876993984     
         115         116  0.849749018901216     
         115         117  0.849445570477177     
         118         119  0.846927008490108     
         118         120  0.831214180739778     
         121         122  0.832881730723762     
         121         123  0.837375620794472     
         124         125  0.828348231513447     
         124         126  0.808609023048581     
         127         128  0.823373973200409     
         127         129  0.821915588859885     
         130         131  0.836136931483949     
         130         132  0.805483482389745     
         133         134  0.832447466826256     
         133         135  0.829388436727853     
         136         137  0.830048562991962     
         136         138  0.862609095149387     
         139         140  0.841310735662322     
         139         141  0.841079338045535     
         142         143  0.826189145721292     
         142         144  0.840644361684467     
         145         146  0.841226320996359     
         145         147  0.841001025738906     
         148         149  0.829500375339980     
         148         150  0.831674187912755     
         151         152  0.824419031555557     
         151         153  0.826044817423755     
         154         155  0.856278093750625     
         154         156  0.833353037143638     
         157         158  0.841388633457398     
         157         159  0.829537156030196     
         160         161  0.849489474671371     
         160         162  0.836201541453891     
         163         164  0.803966341118777     
         163         165  0.823672363524826     
         166         167  0.811589520020623     
         166         168  0.832197109272338     
         169         170  0.841416467592851     
         169         171  0.839747687818350     
         172         173  0.843422764627946     
         172         174  0.847137829518454     
         175         176  0.817767896464988     
         175         177  0.837405252592780     
         178         179  0.813572859368488     
         178         180  0.841774855553142     
         181         182  0.833549610543089     
         181         183  0.835575163699862     
         184         185  0.811865669217838     
         184         186  0.824879415022741     
         187         188  0.866873374804500     
         187         189  0.832080327083491     
         190         191  0.837754009906529     
         190         192  0.831726361320496     
         193         194  0.827222542612550     
         193         195  0.833945246325317     
         196         197  0.821452848165278     
         196         198  0.844506204200961     
         199         200  0.810469859855760     
         199         201  0.822864734556045     
         202         203  0.838540845640392     
         202         204  0.842526895775687     
         205         206  0.819632834373515     
         205         207  0.829916597461336     
         208         209  0.833112359552145     
         208         210  0.838105107789911     
         211         212  0.851605373187660     
         211         213  0.830757230894826     
         214         215  0.832351316634160     
         214         216  0.825821227009048     
         217         218  0.821857116977676     
         217         219  0.859200645544706     
         220         221  0.839115980204944     
         220         222  0.836507795772694     
         223         224  0.803973390613483     
         223         225  0.822964798442603     
         226         227  0.829843533301466     
         226         228  0.825758580373408     
         229         230  0.808124383155528     
         229         231  0.853340950916983     
         232         233  0.847275574446534     
         232         234  0.834791159942235     
         235         236  0.818017979131753     
         235         237  0.834462504909071     
         238         239  0.820894676755898     
         238         240  0.832187279182024     
         241         242  0.829182974064964     
         241         243  0.853675384769812     
         244         245  0.840502947920836     
         244         246  0.826874142840962     
         247         248  0.821702074033225     
         247         249  0.837348757526656     
         250         251  0.845084929749058     
         250         252  0.826680863385454     
         253         254  0.855551259140747     
         253         255  0.839686804299345     
         256         257  0.826758745408957     
         256         258  0.833814589673414     
         259         260  0.814961176428147     
         259         261  0.829663106757378     
         262         263  0.882321025515091     
         262         264  0.791053841927280     
         265         266  0.854707375287144     
         265         267  0.852217232242381     
         268         269  0.812405221204644     
         268         270  0.837231189113458     
         271         272  0.855462280540250     
         271         273  0.866430090589211     
         274         275  0.841027563219262     
         274         276  0.853128986901765     
         277         278  0.851342527907539     
         277         279  0.832977167237672     
         280         281  0.826436595916578     
         280         282  0.816234424164035     
         283         284  0.837943124595365     
         283         285  0.836160974048016     
         286         287  0.840073857172802     
         286         288  0.820681472505110     
         289         290  0.801745611423079     
         289         291  0.846198807846002     
         292         293  0.846170171698831     
         292         294  0.835447855937356     
         295         296  0.837547256692824     
         295         297  0.810034487148204     
         298         299  0.841632697612827     
         298         300  0.818440792290307     
         301         302  0.829845499116960     
         301         303  0.829247991849434     
         304         305  0.859335487184234     
         304         306  0.852603519330066     
         307         308  0.830755234752568     
         307         309  0.841164182836581     
         310         311  0.869474376469761     
         310         312  0.832984666851003     
         313         314  0.843929167414334     
         313         315  0.832825733217237     
         316         317  0.839106504042976     
         316         318  0.828295518454757     
         319         320  0.815206045126510     
         319         321  0.837823294386723     
         322         323  0.822931074461392     
         322         324  0.812143560182933     
         325         326  0.857557797189587     
         325         327  0.835281816623726     
         328         329  0.803879600567565     
         328         330  0.846240208978092     
         331         332  0.843613678319219     
         331         333  0.826757783694908     
         334         335  0.835752426910127     
         334         336  0.831983500195335     
         337         338  0.834660294332129     
         337         339  0.831525905057078     
         340         341  0.814402353589555     
         340         342  0.816996793485044     
         343         344  0.837585813879698     
         343         345  0.824446445453839     
         346         347  0.860647802554470     
         346         348  0.831288416052754     
         349         350  0.840521208528179     
         349         351  0.824827294378689     
         352         353  0.880778206632283     
         352         354  0.846449766745042     
         355         356  0.842509119543185     
         355         357  0.815815227275767     
         358         359  0.844255453644678     
         358         360  0.843897270877548     
         361         362  0.838552708841125     
         361         363  0.862078588444575     
         364         365  0.850361185414574     
         364         366  0.858103394027242     
         367         368  0.823155723983351     
         367         369  0.815318214977866     
         370         371  0.839855193491011     
         370         372  0.874969467139204     
         373         374  0.809858457200738     
         373         375  0.834120744230941     
         376         377  0.851881450574054     
         376         378  0.847157268073658     
         379         380  0.861922813425537     
         379         381  0.856983398321938     
         382         383  0.857407110358268     
         382         384  0.829188243750671     
         385         386  0.830429117517849     
         385         387  0.858974631914283     
         388         389  0.838114639376286     
         388         390  0.842566992598031     
         391         392  0.831048272947382     
         391         393  0.848865599443554     
         394         395  0.853440172881900     
         394         396  0.839991569971030     
         397         398  0.818259844300777     
         397         399  0.847552854502692     
         400         401  0.840877121734358     
         400         402  0.816451839654287     
         403         404  0.823211705666662     
         403         405  0.824772035574613     
         406         407  0.853559305912947     
         406         408  0.833951225150219     
         409         410  0.851223237788295     
         409         411  0.848637430768272     
         412         413  0.835691193944000     
         412         414  0.843692709099283     
         415         416  0.832691895096608     
         415         417  0.849089628144286     
         418         419  0.862568369884114     
         418         420  0.841389272344793     
         421         422  0.844460686222008     
         421         423  0.808993964721046     
         424         425  0.841343655110238     
         424         426  0.800297352389315     
         427         428  0.846445329954610     
         427         429  0.828122904618396     
         430         431  0.840652460816869     
         430         432  0.825442993955795     
         433         434  0.823895637597970     
         433         435  0.871897650848964     
         436         437  0.832325391384503     
         436         438  0.838623969258274     
         439         440  0.826639235639773     
         439         441  0.803452552043859     
         442         443  0.846510223228290     
         442         444  0.854730953751750     
         445         446  0.854808135701323     
         445         447  0.821615410654779     
         448         449  0.840875606097839     
         448         450  0.860263792247838     
         451         452  0.822383950079833     
         451         453  0.855262225810879     
         454         455  0.852799539108743     
         454         456  0.846846591040119     
         457         458  0.840855978654890     
         457         459  0.840468990679199     
         460         461  0.824518774211795     
         460         462  0.841150863876584     
         463         464  0.862882438282348     
         463         465  0.857168448058913     
         466         467  0.839681061643599     
         466         468  0.867353028359737     
         469         470  0.846585200981299     
         469         471  0.857281085705960     
         472         473  0.846102337503295     
         472         474  0.834467394166718     
         475         476  0.854994057211099     
         475         477  0.852995050019224     
         478         479  0.832161719061885     
         478         480  0.841110045359101     
         481         482  0.833665219062320     
         481         483  0.822033987256885     
         484         485  0.817842907720851     
         484         486  0.855715464682799     
         487         488  0.854245733992463     
         487         489  0.849252260283192     
         490         491  0.834749873450828     
         490         492  0.808962861466400     
         493         494  0.883099341918576     
         493         495  0.793550265895165     
         496         497  0.831253132533004     
         496         498  0.848478825702200     
         499         500  0.835546453595553     
         499         501  0.849245952386540     
         502         503  0.837226247375263     
         502         504  0.839899330621221     
         505         506  0.847284122690213     
         505         507  0.786526064999634     
         508         509  0.866161392262119     
         508         510  0.832342065425754     
         511         512  0.864794813654196     
         511         513  0.831858594955488     
         514         515  0.801718376308128     
         514         516  0.838635966937403     
         517         518  0.847994512988149     
         517         519  0.852631483507220     
         520         521  0.850927130380307     
         520         522  0.818132232692537     
         523         524  0.829244316324045     
         523         525  0.820307029376575     
         526         527  0.833399352971256     
         526         528  0.837770129349848     
         529         530  0.860590787563119     
         529         531  0.811329364438841     
         532         533  0.846654448172942     
         532         534  0.848921588799520     
         535         536  0.848320692198160     
         535         537  0.869544825361167     
         538         539  0.847699121286960     
         538         540  0.833894637787199     
         541         542  0.829913011520083     
         541         543  0.839246848641923     
         544         545  0.870433542887875     
         544         546  0.826686224958857     
         547         548  0.842102264358857     
         547         549  0.821018517174101     
         550         551  0.880836122239066     
         550         552  0.822071420063567     
         553         554  0.859620540501014     
         553         555  0.852782773276626     
         556         557  0.866985338230483     
         556         558  0.844830844130725     
         559         560  0.873022037525471     
         559         561  0.852812766200315     
         562         563  0.837529466247788     
         562         564  0.844630492426865     
         565         566  0.809040799568993     
         565         567  0.825720718275844     
         568         569  0.863933704342933     
         568         570  0.867540424029261     
         571         572  0.838956680660553     
         571         573  0.857070363572292     
         574         575  0.881156845154326     
         574         576  0.818976924694770     
         577         578  0.829513713154738     
         577         579  0.803475250559016     
         580         581  0.839197772116757     
         580         582  0.842377665969594     
         583         584  0.809445986672246     
         583         585  0.878707837388454     
         586         587  0.841859469793761     
         586         588  0.857094714521221     
         589         590  0.821223104373593     
         589         591  0.820600858293533     
         592         593  0.855731348273025     
         592         594  0.864995569774914     
         595         596  0.858626903001711     
         595         597  0.810446207400778     
         598         599  0.836818577150295     
         598         600  0.844510633510063     
