   -0.71662904
    0.35505538
    0.35725918
   -0.72045173
    0.35912855
    0.36060197
   -0.71332113
    0.35282110
    0.35729890
   -0.70811508
    0.35752522
    0.34260789
   -0.72072305
    0.34764725
    0.36009183
   -0.70738997
    0.35372477
    0.35910638
   -0.71227214
    0.35961738
    0.36063421
   -0.71554405
    0.36229658
    0.35372285
   -0.70789755
    0.35443340
    0.35166208
   -0.70528957
    0.35262701
    0.35638270
   -0.70662492
    0.35781385
    0.35398098
   -0.70996965
    0.35857175
    0.35368031
   -0.71200905
    0.35081695
    0.36055279
   -0.71120731
    0.36136675
    0.35643712
   -0.71584093
    0.35741380
    0.35097442
   -0.71259812
    0.35348761
    0.35923079
   -0.71613775
   -0.58193872
    0.19531625
    0.19234188
    0.19309343
    0.35173484
    0.36009032
   -0.70638495
    0.35422378
    0.35466601
   -0.71358331
    0.35146084
    0.35873240
   -0.70331681
    0.34868494
    0.35087279
   -0.71627646
    0.35681226
    0.35151405
   -0.71979771
    0.35908490
    0.35450292
   -0.71594930
    0.35463534
    0.35303339
   -0.72053840
    0.34919886
    0.35935910
   -0.70648372
    0.34935340
    0.36048875
   -0.70189385
    0.36676792
    0.35197732
   -0.72106027
    0.35999157
    0.36103251
   -0.70358501
    0.35286793
    0.35471379
   -0.71532497
    0.34866812
    0.35949496
   -0.72000776
    0.35343153
    0.35571373
   -0.71649135
    0.36065677
    0.35109431
   -0.71283200
    0.35884155
    0.35338593
   -0.69270392
    0.34513486
    0.35954483
   -0.71215895
    0.35336890
    0.35479476
   -0.71542008
    0.36108888
    0.35781278
   -0.70608782
    0.35374919
    0.36037692
   -0.71168638
    0.34817162
    0.35681596
   -0.69978366
    0.34441758
    0.34480305
   -0.70011741
    0.35262018
    0.35318819
   -0.70125687
    0.34700194
    0.35614626
   -0.70292520
    0.35960186
    0.34995024
   -0.71491508
    0.36121429
    0.36592978
   -0.70819101
    0.35315308
    0.35696284
   -0.71412339
    0.35374560
    0.36385455
   -0.70710481
    0.35710046
    0.35978592
   -0.69768164
    0.35827771
    0.34993662
   -0.70707031
    0.35778097
    0.35191258
   -0.70057818
    0.35371864
    0.34610888
   -0.69667192
    0.35382313
    0.35015407
   -0.70915730
    0.36052360
    0.35684969
   -0.71329758
    0.36062164
    0.35073685
   -0.69951884
    0.34984857
    0.35417442
   -0.70490240
    0.35552907
    0.35405294
   -0.70364566
    0.34725781
    0.35487444
   -0.71701241
    0.35770821
    0.35333036
   -0.71117439
    0.36382758
    0.35446194
   -0.70669871
    0.36193891
    0.34748098
   -0.70086740
    0.35633670
    0.34723817
   -0.71554796
    0.35353118
    0.35069954
   -0.70867811
    0.36179183
    0.35682911
   -0.71198517
    0.35548125
    0.34861432
   -0.71466511
    0.36933214
    0.35413734
   -0.70172696
    0.34861080
    0.35516759
   -0.71927350
    0.35458172
    0.35120800
   -0.70989196
    0.35778235
    0.35841839
   -0.70954362
    0.36084520
    0.35290250
   -0.72844056
    0.35656044
    0.36053681
   -0.70168260
    0.36140316
    0.35349782
   -0.71964309
    0.35852638
    0.35592700
   -0.70537956
    0.35598380
    0.34521949
   -0.70896311
    0.35719369
    0.35978555
   -0.70564467
    0.34990638
    0.36394940
   -0.70405023
    0.36126717
    0.34449856
   -0.70744765
    0.35446023
    0.35126230
   -0.72802871
    0.36001320
    0.35242958
   -0.71197102
    0.36092468
    0.35996158
   -0.70425346
    0.36022414
    0.35671691
   -0.70623669
    0.35049204
    0.35613549
   -0.71359359
    0.36049890
    0.35530147
   -0.70272008
    0.35730737
    0.35705352
   -0.70291672
    0.35320934
    0.34837354
   -0.70869216
    0.36043935
    0.35789960
   -0.71284450
    0.35246440
    0.35663583
   -0.71604385
    0.35244141
    0.35641482
   -0.69940895
    0.34590077
    0.35230401
   -0.69531049
    0.36308387
    0.34675882
   -0.71323243
    0.35392968
    0.35600857
   -0.70374260
    0.34597601
    0.36793275
   -0.69772126
    0.34297159
    0.35062630
   -0.71855081
    0.35480765
    0.36253356
   -0.72584898
    0.33632386
    0.32248959
   -0.70576622
    0.34656446
    0.35645409
   -0.70044807
    0.34427147
    0.35344884
   -0.72499181
    0.35568933
    0.36049742
   -0.70559413
    0.35418233
    0.35546796
   -0.71442334
    0.34951936
    0.36565187
   -0.71650074
    0.36263160
    0.35817575
   -0.71198046
    0.34730514
    0.35672893
   -0.70655393
    0.34864602
    0.35653570
   -0.70656674
    0.35186229
    0.35713580
   -0.71036008
    0.35481697
    0.35219785
   -0.68882741
    0.34997337
    0.34863411
   -0.70649983
    0.35708005
    0.35526563
   -0.70603744
    0.34753301
    0.35831153
   -0.70494815
    0.35876099
    0.34501507
   -0.71204277
    0.35937082
    0.36145968
   -0.71647183
    0.36063498
    0.35319153
   -0.71999325
    0.35574788
    0.35899485
   -0.70359849
    0.35430084
    0.35597264
   -0.70788813
    0.36634521
    0.35396827
   -0.71371885
    0.35275985
    0.35435450
   -0.70614346
    0.34772827
    0.36476420
   -0.70600889
    0.35647976
    0.34717923
   -0.72943378
    0.35654102
    0.35800647
   -0.71092413
    0.35093076
    0.36249632
   -0.69981704
    0.35189990
    0.35514051
   -0.71736130
    0.35570245
    0.36988748
   -0.69677015
    0.35012501
    0.34625000
   -0.71151652
    0.35066763
    0.34894226
   -0.70560561
    0.35055757
    0.34738023
   -0.69321709
    0.35351523
    0.33439856
   -0.69657087
    0.35557206
    0.35575237
   -0.71888847
    0.35399238
    0.36347894
   -0.69472819
    0.35591514
    0.34194724
   -0.72030589
    0.35724512
    0.34758456
   -0.69913772
    0.34888362
    0.34836459
   -0.70206755
    0.34289586
    0.34276400
   -0.69868750
    0.35157537
    0.35232028
   -0.70285262
    0.35094751
    0.34929476
   -0.70108514
    0.34371735
    0.35111568
   -0.71157257
    0.35475246
    0.35177315
   -0.70985948
    0.35100304
    0.34672305
   -0.70729730
    0.36195973
    0.34964763
   -0.71847090
    0.35821763
    0.36247368
   -0.72062295
    0.35957335
    0.35474005
   -0.70079283
    0.35516177
    0.35073638
   -0.69962868
    0.35550582
    0.35800183
   -0.69881220
    0.34986976
    0.34778300
   -0.70000323
    0.35847770
    0.34763228
   -0.70362520
    0.34603225
    0.34876807
   -0.73960575
    0.33536120
    0.34974466
   -0.71940675
    0.36338801
    0.36073126
   -0.71946643
    0.34622527
    0.35667170
   -0.71274562
    0.36114480
    0.35543056
   -0.70801052
    0.34913283
    0.34145017
   -0.71046051
    0.35739530
    0.34649774
   -0.71294286
    0.35204687
    0.35455256
   -0.70314128
    0.34719785
    0.34871591
   -0.70548267
    0.35654759
    0.35792062
   -0.69349069
    0.35751159
    0.34488421
   -0.71051661
    0.35961737
    0.34379328
   -0.70343755
    0.34619605
    0.35034296
   -0.69742367
    0.34584212
    0.35035933
   -0.71268273
    0.36587443
    0.35736260
   -0.69474595
    0.34288844
    0.34759806
   -0.69985580
    0.34907031
    0.34560250
   -0.69742179
    0.34755977
    0.34266047
   -0.69454551
    0.34718568
    0.34828660
   -0.70306473
    0.34604119
    0.35431217
   -0.70769759
    0.35575618
    0.35440486
   -0.71620016
    0.34658085
    0.35753845
   -0.70896857
    0.35350520
    0.34724388
   -0.71079147
    0.36096949
    0.35416365
   -0.71690899
    0.34907918
    0.36499731
   -0.70399366
    0.34468735
    0.36634697
   -0.70870096
    0.35509106
    0.33313317
   -0.70063420
    0.33858004
    0.35152515
   -0.70904737
    0.35510011
    0.35838296
   -0.70948224
    0.35483857
    0.36897176
   -0.69816168
    0.34080961
    0.34549606
   -0.70721239
    0.34356630
    0.34480867
   -0.73035972
    0.36541181
    0.35629385
   -0.70937964
    0.34962122
    0.35315063
   -0.70914345
    0.36251547
    0.35739173
   -0.71399265
    0.35377419
    0.35970221
   -0.70621173
    0.34664262
    0.36344044
   -0.70794067
    0.34513373
    0.35614783
   -0.70223874
    0.35230249
    0.35750449
   -0.68635411
    0.34731739
    0.34812694
   -0.72738338
    0.34664360
    0.37065527
   -0.70021148
    0.36266666
    0.35931833
   -0.70385446
    0.33940146
    0.35723793
   -0.69984539
    0.36091932
    0.35474034
   -0.70501785
    0.35181793
    0.37205632
   -0.69323753
    0.34655755
    0.35156294
   -0.70107852
    0.34271891
    0.35359697
   -0.68901459
    0.33770324
    0.34920671
   -0.70184127
    0.35631318
    0.36262631
   -0.72284642
    0.35884938
    0.35841274
   -0.68536298
    0.34676589
    0.34956078
   -0.69959157
    0.36175423
    0.35136960
   -0.69832978
    0.34367280
    0.35937227
   -0.72184501
    0.36058692
    0.36724223
   -0.70436076
    0.34950700
    0.35345563
   -0.70670970
    0.35293948
    0.35529338
   -0.70188446
    0.35000055
    0.34179678
   -0.72887406
    0.36174603
    0.36306347
   -0.69604961
    0.34657435
    0.34706785
   -0.71081289
    0.34870190
    0.35972236
   -0.71599687
    0.34869995
    0.35662324
   -0.54370588
    0.20910164
    0.21015885
    0.21212121
    0.17362965
   -0.58632642
    0.03545884
    0.34596096
    0.02422236
    0.00742486
    0.17175642
   -0.58442054
    0.02383262
    0.34547757
    0.01281504
    0.02386845
    0.17538007
   -0.58387521
    0.02196143
    0.33713000
    0.00080357
    0.01040834
   -0.55193729
    0.20756385
    0.21063330
    0.20779352
