           1           2  0.835837543813115     
           1           3  0.816362282721489     
           4           5  0.817554852573728     
           4           6  0.825111742550283     
           7           8  0.829756894578428     
           7           9  0.820047926433284     
          10          11  0.814817083805410     
          10          12  0.853567671296452     
          13          14  0.842025428815074     
          13          15  0.802172399862220     
          16          17  0.842685205893119     
          16          18  0.824418543811986     
          19          20  0.816586940681131     
          19          21  0.833204416048369     
          22          23  0.823161700717966     
          22          24  0.824019463979189     
          25          26  0.833785595332046     
          25          27  0.832194419492104     
          28          29  0.824875965816726     
          28          30  0.842389527224706     
          31          32  0.836430719600399     
          31          33  0.832822488499089     
          34          35  0.832090197902246     
          34          36  0.831025954977966     
          37          38  0.834538071714087     
          37          39  0.815047907249838     
          40          41  0.831951316505038     
          40          42  0.818384977638820     
          43          44  0.811578445645914     
          43          45  0.837604294992238     
          46          47  0.840441880312535     
          46          48  0.810931889405889     
          50          51  0.954235452397536     
          50          52  0.960600660829084     
          50          53  0.959034594564010     
          49          54  0.827576303706596     
          49          55  0.836753840009859     
          56          57  0.838050065898737     
          56          58  0.836068409152729     
          59          60  0.836684057182696     
          59          61  0.830910023679687     
          62          63  0.836488622490491     
          62          64  0.849306167102917     
          65          66  0.827783577873734     
          65          67  0.831324325769286     
          68          69  0.818821198850749     
          68          70  0.830863353374866     
          71          72  0.816890387789071     
          71          73  0.838154545306683     
          74          75  0.834097325927190     
          74          76  0.813958839880223     
          77          78  0.855319417397773     
          77          79  0.829085622597719     
          80          81  0.812759817421028     
          80          82  0.851554009730296     
          83          84  0.821930779842548     
          83          85  0.814690299517113     
          86          87  0.861282273887258     
          86          88  0.828059303208009     
          89          90  0.849003043609735     
          89          91  0.812100794608281     
          92          93  0.823275971268549     
          92          94  0.828243444245831     
          95          96  0.800884806028683     
          95          97  0.849494490204427     
          98          99  0.818572709903309     
          98         100  0.830240623937702     
         101         102  0.866161453270606     
         101         103  0.844574165304974     
         104         105  0.839885763552592     
         104         106  0.828667019002310     
         107         108  0.806533810055012     
         107         109  0.838342850931813     
         110         111  0.848091352000415     
         110         112  0.834584094086377     
         113         114  0.837729659437397     
         113         115  0.829014122127980     
         116         117  0.828723757478632     
         116         118  0.859225948770322     
         119         120  0.846886276982616     
         119         121  0.850206528217687     
         122         123  0.842569768869169     
         122         124  0.831936572782338     
         125         126  0.831131177250368     
         125         127  0.838206539274699     
         128         129  0.830431067743286     
         128         130  0.802197185727944     
         131         132  0.835039353526547     
         131         133  0.820296680454934     
         134         135  0.836960280984063     
         134         136  0.804416440481351     
         137         138  0.840423996944297     
         137         139  0.832235164855873     
         140         141  0.829136590995939     
         140         142  0.858781302846277     
         143         144  0.842571288813184     
         143         145  0.848466580773615     
         146         147  0.822876877672054     
         146         148  0.851227134247221     
         149         150  0.841949067741700     
         149         151  0.845667554765457     
         152         153  0.829029131986831     
         152         154  0.830670931557884     
         155         156  0.823840169661926     
         155         157  0.828045520040558     
         158         159  0.856954599262583     
         158         160  0.842237687073775     
         161         162  0.837319102757857     
         161         163  0.831114336340943     
         164         165  0.852483667743272     
         164         166  0.834221766161072     
         167         168  0.804298117767336     
         167         169  0.825800368150818     
         170         171  0.809192914382587     
         170         172  0.831688142534893     
         173         174  0.831844060530842     
         173         175  0.845161361749266     
         176         177  0.840083876602716     
         176         178  0.848410288619412     
         179         180  0.815478042779876     
         179         181  0.830289352940019     
         182         183  0.810023674157265     
         182         184  0.839181022754817     
         185         186  0.836475796107469     
         185         187  0.841568555898429     
         188         189  0.805310744845386     
         188         190  0.834252770555377     
         191         192  0.846588040154250     
         191         193  0.851461774147382     
         194         195  0.839630711922409     
         194         196  0.832372315734315     
         197         198  0.834139163757873     
         197         199  0.833891357430995     
         200         201  0.819637769023940     
         200         202  0.846842034874199     
         203         204  0.824126348331095     
         203         205  0.804230015891090     
         206         207  0.838974592032332     
         206         208  0.843884025479980     
         209         210  0.818415363345302     
         209         211  0.830262254933735     
         212         213  0.836847627276678     
         212         214  0.837543303922934     
         215         216  0.847995501501618     
         215         217  0.826939783003156     
         218         219  0.847755581727375     
         218         220  0.810588757083635     
         221         222  0.830297241836248     
         221         223  0.849583555262351     
         224         225  0.842120042901818     
         224         226  0.846635157264944     
         227         228  0.803838622839363     
         227         229  0.826239152952943     
         230         231  0.825374013895292     
         230         232  0.819891345768170     
         233         234  0.816642593194266     
         233         235  0.857972495668259     
         236         237  0.834530996565666     
         236         238  0.836209101099561     
         239         240  0.816293826069830     
         239         241  0.833755320581054     
         242         243  0.822491981238316     
         242         244  0.828723683511110     
         245         246  0.828666540551793     
         245         247  0.855084757565187     
         248         249  0.837348573062967     
         248         250  0.828492591985647     
         251         252  0.820409542974996     
         251         253  0.836848870277330     
         254         255  0.851173679585802     
         254         256  0.817651257087664     
         257         258  0.854461862196873     
         257         259  0.840364312413188     
         260         261  0.815475950591686     
         260         262  0.854590113494888     
         263         264  0.817052386951994     
         263         265  0.834863361582092     
         266         267  0.882942094648504     
         266         268  0.791355603441193     
         269         270  0.850510089016192     
         269         271  0.848998428681916     
         272         273  0.812972219874314     
         272         274  0.832931854290833     
         275         276  0.862114258527447     
         275         277  0.782409415591354     
         278         279  0.849611814375218     
         278         280  0.826704807240304     
         281         282  0.851124807973656     
         281         283  0.833278066998248     
         284         285  0.826018940888986     
         284         286  0.814562158561111     
         287         288  0.839427170955275     
         287         289  0.839865708799006     
         290         291  0.841878589445290     
         290         292  0.816745087560232     
         293         294  0.801353555413202     
         293         295  0.846176917000992     
         296         297  0.840678784621673     
         296         298  0.826633569231547     
         299         300  0.846617070510363     
         299         301  0.820596607225413     
         302         303  0.840350936570963     
         302         304  0.814023205111342     
         305         306  0.825657399320582     
         305         307  0.834640438881985     
         308         309  0.859079611927146     
         308         310  0.854681670660884     
         311         312  0.843762936106520     
         311         313  0.827161454837995     
         314         315  0.861608463504287     
         314         316  0.831747276156633     
         317         318  0.838780890530822     
         317         319  0.841537578761286     
         320         321  0.838276160652486     
         320         322  0.824091522673541     
         323         324  0.816316761317216     
         323         325  0.837536861450154     
         326         327  0.822276687030399     
         326         328  0.812119542407627     
         329         330  0.857907343922617     
         329         331  0.834606105996542     
         332         333  0.814704512018288     
         332         334  0.843675461799996     
         335         336  0.845005518888187     
         335         337  0.828466238404469     
         338         339  0.852952547234892     
         338         340  0.799272929342909     
         341         342  0.835445227801393     
         341         343  0.831541970235975     
         344         345  0.809934675725310     
         344         346  0.807006196624429     
         347         348  0.835438327825342     
         347         349  0.824126663491942     
         350         351  0.861422517804089     
         350         352  0.830817939181707     
         353         354  0.833618246234319     
         353         355  0.805089773028838     
         356         357  0.852794875376334     
         356         358  0.852835403150807     
         359         360  0.838873452938414     
         359         361  0.827916778638666     
         362         363  0.847531109575721     
         362         364  0.850828086934552     
         365         366  0.842235155928729     
         365         367  0.868093123641660     
         368         369  0.853295366662760     
         368         370  0.856830390721450     
         371         372  0.821569205334653     
         371         373  0.812433683677491     
         374         375  0.833244278325210     
         374         376  0.876226677531747     
         377         378  0.808281892835478     
         377         379  0.838768731738796     
         380         381  0.850561485506517     
         380         382  0.845847696937419     
         383         384  0.859308147210264     
         383         385  0.857010692178056     
         386         387  0.860400168043592     
         386         388  0.830820863284104     
         389         390  0.834021531920777     
         389         391  0.860994214287268     
         392         393  0.849922348650862     
         392         394  0.838449718663612     
         395         396  0.829426588708992     
         395         397  0.847420816035249     
         398         399  0.833268178114531     
         398         400  0.843659585314481     
         401         402  0.814988914970904     
         401         403  0.846520795773370     
         404         405  0.838122108002579     
         404         406  0.813681784642719     
         407         408  0.820876380846192     
         407         409  0.826324037215931     
         410         411  0.854463425315827     
         410         412  0.832187283491176     
         413         414  0.847747572571885     
         413         415  0.851219937816232     
         416         417  0.852887191007389     
         416         418  0.837828080774904     
         419         420  0.832415654283725     
         419         421  0.854827739077421     
         422         423  0.863593193882868     
         422         424  0.838664322888756     
         425         426  0.731131937571871     
         425         427  0.850720753127205     
         428         429  0.826188562713672     
         428         430  0.811158542871340     
         431         432  0.844514215404452     
         431         433  0.823873947445355     
         434         435  0.839598396406909     
         434         436  0.826014105447676     
         437         438  0.821682607633241     
         437         439  0.869202317388554     
         440         441  0.825810345310779     
         440         442  0.848992141859995     
         443         444  0.825360004993059     
         443         445  0.843674252769367     
         446         447  0.846256293705818     
         446         448  0.855030604257819     
         449         450  0.847079780786411     
         449         451  0.814803022721581     
         452         453  0.839898650197614     
         452         454  0.867907264884115     
         455         456  0.824284711643950     
         455         457  0.842419449739000     
         458         459  0.855340175201788     
         458         460  0.847580508488126     
         461         462  0.855387487972875     
         461         463  0.850103381057233     
         464         465  0.824139707365344     
         464         466  0.842408138390671     
         467         468  0.862694179222783     
         467         469  0.857836496386998     
         470         471  0.839685170817934     
         470         472  0.853284738474013     
         473         474  0.848536687744578     
         473         475  0.857600637838506     
         476         477  0.856466478796314     
         476         478  0.840255940565802     
         479         480  0.852321566966505     
         479         481  0.849240996910223     
         482         483  0.830426421873612     
         482         484  0.839865457024781     
         485         486  0.839281483134998     
         485         487  0.811125931738451     
         488         489  0.816457682094812     
         488         490  0.856734212622163     
         491         492  0.826125005007049     
         491         493  0.837237812329487     
         494         495  0.834343333588974     
         494         496  0.809668903020745     
         497         498  0.883237172412007     
         497         499  0.795781418139894     
         500         501  0.820556912032444     
         500         502  0.874082856066175     
         503         504  0.853096257207388     
         503         505  0.846067309260939     
         506         507  0.840397276538222     
         506         508  0.816446746905657     
         509         510  0.836926254861800     
         509         511  0.813357359897697     
         512         513  0.868433815691423     
         512         514  0.835851918172108     
         515         516  0.861689009222896     
         515         517  0.835452043444374     
         518         519  0.809952288633986     
         518         520  0.812831852483007     
         521         522  0.841487665289848     
         521         523  0.842267125098249     
         524         525  0.834721688857745     
         524         526  0.836350021210425     
         527         528  0.829384512861308     
         527         529  0.819717648734803     
         530         531  0.844044482037041     
         530         532  0.829097951175595     
         533         534  0.869477633384102     
         533         535  0.815366563908263     
         536         537  0.845246008331732     
         536         538  0.846657942038724     
         539         540  0.854364350168652     
         539         541  0.867973535768099     
         542         543  0.847432529973961     
         542         544  0.790741241225897     
         545         546  0.833173457423287     
         545         547  0.842000218840840     
         548         549  0.870419810005390     
         548         550  0.826844670391807     
         551         552  0.839182746077190     
         551         553  0.826714707263635     
         554         555  0.877260317149868     
         554         556  0.801148394799403     
         557         558  0.859968400976044     
         557         559  0.853094841143394     
         560         561  0.858111252503482     
         560         562  0.847124945434909     
         563         564  0.873060738497139     
         563         565  0.853350631832994     
         566         567  0.836324402102441     
         566         568  0.838166932446048     
         569         570  0.809768952128689     
         569         571  0.824965668972329     
         572         573  0.862995219684728     
         572         574  0.865250738895669     
         575         576  0.838784960682533     
         575         577  0.857634155301467     
         578         579  0.881313319247890     
         578         580  0.820693910977222     
         581         582  0.823893494352183     
         581         583  0.802560080058538     
         584         585  0.839614618995579     
         584         586  0.832898702826627     
         587         588  0.841911187678215     
         587         589  0.840981445865001     
         590         591  0.841783304920348     
         590         592  0.855120778068291     
         593         594  0.812102070750397     
         593         595  0.810394206658193     
         596         597  0.844285361376470     
         596         598  0.861735443446280     
         599         600  0.856362640261070     
         599         601  0.810193315219651     
         602         603  0.841083440111417     
         602         604  0.822779804397585     
         426         605  0.172034056884134     
         605         606  0.951237765742132     
         605         607  0.943771715479179     
         605         608  0.939267233205250     
         609         610  0.949302287896959     
         609         611  0.986491365566360     
         610         612  0.843103829540176     
         609         613  0.983381830191179     
         609         614  0.984623211944188     
         615         616  0.958114459987449     
         615         617  0.988171602308264     
         616         618  0.847123180506048     
         615         619  0.984771048065277     
         615         620  0.980786459573245     
         621         622  0.971710668634445     
         621         623  0.986092448000847     
         622         624  0.855480548579916     
         621         625  0.980014084144583     
         621         626  0.980542876960249     
         277         627  0.138805998631462     
         627         628  0.948642332449562     
         627         629  0.951299898803705     
         627         630  0.946996608673664     
