$hessian                                                                        
        0.0000000000   0.0000034306   0.0000013860  -0.0000000000  -0.0000010392
        0.0000005727  -0.0000000000  -0.0000023914  -0.0000019587
        0.0000034306   0.6551960451  -0.0000004499  -0.0000008715  -0.3275972622
        0.2417347119  -0.0000025591  -0.3275987829  -0.2417342620
        0.0000013860  -0.0000004499   0.3970566305   0.0000003211   0.1936830435
       -0.1985290749  -0.0000017071  -0.1936825936  -0.1985275556
       -0.0000000000  -0.0000008715   0.0000003211   0.0000000000   0.0000010683
       -0.0000004821  -0.0000000000  -0.0000001968   0.0000001610
       -0.0000010392  -0.3275972622   0.1936830435   0.0000010683   0.3491662989
       -0.2177089329  -0.0000000291  -0.0215690368   0.0240258894
        0.0000005727   0.2417347119  -0.1985290749  -0.0000004821  -0.2177089329
        0.1884528216  -0.0000000906  -0.0240257790   0.0100762533
       -0.0000000000  -0.0000025591  -0.0000017071  -0.0000000000  -0.0000000291
       -0.0000000906   0.0000000000   0.0000025882   0.0000017977
       -0.0000023914  -0.3275987829  -0.1936825936  -0.0000001968  -0.0215690368
       -0.0240257790   0.0000025882   0.3491678197   0.2177083726
       -0.0000019587  -0.2417342620  -0.1985275556   0.0000001610   0.0240258894
        0.0100762533   0.0000017977   0.2177083726   0.1884513023
